0.97395,0.76360,88.49600,1.09055,0.79346,0.78399,90.85500,115.44900,1.49311,1.47405,1.14215,0.87978,132.28900,1.63692,1.18479,1.70593,1.66718,1.30277,142.44600,1.77653,1.28694,0.88984,0.69763,80.84800,0.72327,1.27575,0.97247,110.68500
0.97998,0.76348,88.59200,1.08505,0.78845,0.77901,90.38000,115.87800,1.49557,1.47797,1.14227,0.87663,132.35900,1.62730,1.17926,1.70459,1.66163,1.30197,142.00800,1.77879,1.28902,0.90054,0.70139,81.37400,0.73096,1.26202,0.96566,110.18500
0.97652,0.76231,88.27700,1.08669,0.78550,0.78064,90.39900,116.00800,1.49549,1.47818,1.14362,0.87722,132.52400,1.62891,1.17494,1.71081,1.67124,1.30432,140.98900,1.77884,1.28665,0.89920,0.70196,81.29000,0.72805,1.26739,0.96292,109.58300
0.97852,0.75917,88.23700,1.08436,0.78522,0.77586,90.17100,115.79100,1.50001,1.47526,1.14431,0.87673,132.43100,1.63634,1.17783,1.70859,1.67070,1.29726,140.43500,1.76277,1.28646,0.90121,0.69918,81.26600,0.73057,1.25763,0.96412,109.14400
0.97610,0.75772,88.06500,1.09256,0.78421,0.77602,90.10000,116.21500,1.50715,1.47519,1.14320,0.88200,132.99300,1.63830,1.18194,1.70955,1.67202,1.29635,140.56200,1.76667,1.28972,0.89929,0.69806,81.14100,0.73256,1.25592,0.96166,108.99100
0.97936,0.76311,88.23900,1.09438,0.78309,0.77919,90.09700,116.01700,1.50798,1.47177,1.14420,0.88153,132.83200,1.63067,1.18131,1.69597,1.66927,1.29434,140.45300,1.75999,1.28195,0.90046,0.70160,81.12800,0.72780,1.25617,0.96815,109.56000
0.97837,0.76276,88.42500,1.08762,0.78267,0.77961,90.37500,115.62300,1.49927,1.47645,1.14374,0.88393,132.29800,1.64119,1.17350,1.68979,1.66106,1.28899,139.55000,1.76006,1.28004,0.89383,0.69684,80.78400,0.72213,1.25473,0.96549,109.02600
0.98080,0.76640,88.61800,1.08586,0.78358,0.78139,90.34900,115.91500,1.49938,1.47431,1.14679,0.88727,132.59100,1.64115,1.17492,1.68580,1.65331,1.29215,140.22300,1.76094,1.27991,0.89428,0.69867,80.78900,0.72064,1.25157,0.96547,109.56300
0.97920,0.76244,87.90800,1.08582,0.78614,0.77860,89.76800,115.61700,1.49617,1.46997,1.14566,0.88746,132.59900,1.64504,1.17628,1.68350,1.65352,1.28364,140.76300,1.77192,1.28717,0.89431,0.69637,80.28100,0.72345,1.24721,0.95644,109.34800
0.97394,0.75975,87.49900,1.08603,0.77903,0.78004,89.83600,115.28500,1.50247,1.47779,1.14779,0.89244,132.08800,1.65633,1.17054,1.68199,1.64866,1.27802,141.29000,1.77639,1.29323,0.88820,0.69287,79.79600,0.72549,1.25057,0.95535,109.25500
0.97322,0.76027,87.18900,1.08750,0.77665,0.77985,89.83600,115.16500,1.51059,1.48594,1.14701,0.89805,132.19000,1.65433,1.17326,1.67681,1.63827,1.27728,141.66800,1.77670,1.29224,0.88729,0.69298,79.74700,0.72546,1.25166,0.95523,109.63100
0.97308,0.75926,87.32400,1.09443,0.77617,0.78025,89.73500,115.11400,1.50765,1.48786,1.15021,0.89710,132.16400,1.66262,1.17290,1.69459,1.63703,1.28676,142.52000,1.78205,1.29187,0.88649,0.69168,79.55100,0.71980,1.26243,0.96392,110.32500
0.97349,0.75855,87.47400,1.09658,0.77574,0.77918,89.85100,115.00500,1.51474,1.48567,1.15167,0.89379,132.28300,1.67018,1.17512,1.69682,1.64909,1.28723,142.15400,1.78024,1.29286,0.88485,0.68947,79.50500,0.71771,1.24783,0.95852,109.95500
0.97092,0.75832,87.59000,1.09479,0.77820,0.78100,90.20800,115.30500,1.51812,1.49392,1.15449,0.89463,132.80500,1.67355,1.18150,1.69716,1.65194,1.28712,142.82200,1.79481,1.29552,0.88327,0.68975,79.67300,0.71547,1.23908,0.96459,110.24700
0.97515,0.76295,87.82100,1.09643,0.77945,0.78238,90.05700,115.50000,1.52234,1.51243,1.15433,0.89697,133.35100,1.65987,1.18664,1.69503,1.64791,1.29329,141.76300,1.80081,1.29253,0.88874,0.69532,80.03500,0.71610,1.24123,0.95795,109.67300
0.98439,0.76836,88.23300,1.09442,0.78228,0.78054,89.62800,115.09900,1.51285,1.49813,1.15157,0.89243,132.86300,1.64429,1.18349,1.68470,1.65296,1.29457,141.71700,1.80973,1.30295,0.89706,0.70019,80.40700,0.72338,1.23772,0.95506,108.76400
0.98130,0.76851,88.23600,1.09751,0.78868,0.77967,89.53500,114.82200,1.49847,1.49018,1.15148,0.88941,132.22800,1.64326,1.18191,1.68302,1.65858,1.29430,142.54500,1.80329,1.30454,0.89315,0.69742,80.10600,0.71988,1.22202,0.95675,109.27100
0.98267,0.76575,88.04600,1.10001,0.78816,0.77920,89.58900,114.54800,1.49736,1.48630,1.15054,0.88937,132.18000,1.64475,1.18195,1.68787,1.65518,1.29257,142.14600,1.80064,1.30978,0.89762,0.69944,80.41800,0.72305,1.21222,0.95062,108.52900
0.98279,0.76750,88.03000,1.09906,0.78488,0.78090,89.56400,114.96500,1.50244,1.49373,1.15135,0.89005,132.28400,1.64147,1.17923,1.67999,1.65873,1.28948,142.21700,1.81179,1.32095,0.89809,0.70133,80.44000,0.72611,1.21554,0.94387,107.83400
0.97802,0.77006,88.59000,1.09707,0.78451,0.78733,90.57400,114.69100,1.50003,1.50246,1.15746,0.89281,132.05100,1.64911,1.17683,1.68161,1.65118,1.29499,144.14500,1.81174,1.31656,0.89144,0.70176,80.73900,0.72530,1.21184,0.95637,109.48600
0.98257,0.76808,88.60600,1.09721,0.78466,0.78171,90.17000,115.03100,1.50294,1.49624,1.15532,0.89373,133.14800,1.68634,1.17937,1.67127,1.64469,1.28381,146.30200,1.81433,1.32823,0.87627,0.68497,79.01200,0.72849,1.21852,0.95922,110.16100
0.98639,0.76975,88.70900,1.09541,0.78730,0.78037,89.93200,115.34100,1.50395,1.49352,1.15964,0.89982,133.26100,1.69132,1.18404,1.68697,1.64221,1.29872,145.90000,1.81658,1.32068,0.87851,0.68551,79.00700,0.72392,1.21723,0.96376,110.47500
0.98665,0.76607,88.60900,1.09463,0.78150,0.77926,89.85800,115.23600,1.50637,1.48175,1.15909,0.89286,133.63900,1.69192,1.17726,1.68632,1.64560,1.29795,147.64900,1.82144,1.33945,0.87872,0.68404,78.96400,0.72178,1.21641,0.96227,110.23500
0.98718,0.76906,88.47700,1.09419,0.78112,0.77905,89.62100,115.24700,1.50657,1.48135,1.15747,0.89292,133.69500,1.68601,1.17811,1.69030,1.66876,1.30009,150.60700,1.82271,1.35512,0.88107,0.68641,78.96600,0.72732,1.21886,0.95940,110.83700
0.98727,0.77010,88.45500,1.09697,0.78070,0.78000,89.58900,115.02900,1.50485,1.47612,1.16535,0.89024,133.15400,1.70805,1.17490,1.68631,1.66498,1.29874,150.54000,1.85368,1.34936,0.87456,0.68215,78.35000,0.72603,1.22908,0.96079,111.56400
0.98577,0.76116,87.51200,1.12108,0.77886,0.77211,88.77000,114.84800,1.51311,1.48132,1.16787,0.89724,133.84800,1.71900,1.17852,1.72246,1.69801,1.31108,150.66600,1.86238,1.34858,0.87987,0.67929,78.10000,0.73139,1.22906,0.96266,111.58800
0.98494,0.76461,87.37800,1.12267,0.76945,0.77623,88.70400,114.96200,1.53421,1.47549,1.16301,0.89064,134.26900,1.70499,1.18055,1.71614,1.69052,1.31235,151.40200,1.85580,1.34936,0.87855,0.68200,77.93300,0.73550,1.23203,0.96960,112.21200
0.98509,0.76556,87.24700,1.12215,0.76656,0.77708,88.55900,114.25400,1.52079,1.47615,1.15809,0.88607,132.89300,1.68790,1.16585,1.71155,1.68619,1.31041,152.66300,1.84399,1.35754,0.88269,0.68600,78.18000,0.73064,1.23251,0.97063,112.45700
0.98303,0.76562,87.23500,1.12027,0.76665,0.77830,88.70800,113.95000,1.51262,1.47923,1.15742,0.88374,131.98200,1.68586,1.15975,1.70745,1.68092,1.30911,151.06200,1.83389,1.34917,0.87644,0.68581,78.13600,0.73152,1.23372,0.96916,111.96300
0.98610,0.76443,86.94600,1.12873,0.76756,0.77517,88.16700,113.82200,1.51136,1.47865,1.15795,0.88356,131.93800,1.69261,1.16075,1.71806,1.69426,1.31338,150.40800,1.85701,1.34624,0.88243,0.68402,77.79700,0.72644,1.23682,0.96602,111.72800
0.98724,0.76407,87.04600,1.12016,0.76834,0.77388,88.16500,113.73200,1.51467,1.48523,1.16278,0.88159,131.70300,1.70291,1.16385,1.73505,1.71299,1.32582,151.01200,1.83585,1.34573,0.88224,0.68276,77.76900,0.72050,1.23487,0.96857,112.21800
0.98755,0.76947,87.59600,1.12094,0.76555,0.77917,88.69700,113.91800,1.52178,1.50134,1.16588,0.87702,132.47000,1.68781,1.16507,1.72770,1.70626,1.32958,150.98500,1.85252,1.33843,0.88648,0.69064,78.63000,0.71999,1.24756,0.97192,112.82500
0.98852,0.77102,88.02700,1.11583,0.76690,0.77996,89.04500,113.84900,1.51501,1.50571,1.16497,0.87683,132.73700,1.68645,1.16192,1.69222,1.67289,1.30486,150.94900,1.86583,1.34384,0.88556,0.69071,78.85900,0.72336,1.24234,0.96992,112.33800
0.97616,0.76543,87.26500,1.11568,0.77182,0.78407,89.39300,114.16500,1.51077,1.50020,1.16186,0.89272,133.00300,1.67991,1.16613,1.70947,1.66883,1.30854,150.57100,1.85884,1.33966,0.88188,0.69149,78.84000,0.72017,1.24593,0.96777,112.44500
0.97620,0.76521,87.23500,1.11731,0.76473,0.78372,89.32600,114.00400,1.51783,1.50544,1.16117,0.88784,132.46300,1.67968,1.16077,1.70869,1.66838,1.30795,149.63200,1.85595,1.32709,0.88111,0.69078,78.76200,0.71940,1.25083,0.97462,112.75200
0.97782,0.76716,87.47100,1.11890,0.76492,0.78454,89.45300,113.94200,1.51602,1.50350,1.15815,0.88745,132.38500,1.67359,1.16066,1.71317,1.67529,1.31438,149.36500,1.85306,1.32356,0.88197,0.69192,78.89000,0.71583,1.24851,0.97344,112.84500
0.97690,0.76396,87.01400,1.11382,0.76878,0.78201,89.06600,114.01000,1.50952,1.50279,1.15848,0.88106,132.04700,1.67823,1.16056,1.72269,1.68305,1.31619,149.37500,1.84306,1.32476,0.88262,0.69017,78.61100,0.71666,1.24747,0.97475,112.75100
0.97702,0.76790,87.35900,1.11612,0.76416,0.78598,89.41400,113.88800,1.51625,1.50012,1.15977,0.88009,131.94100,1.67450,1.15871,1.70751,1.66839,1.31145,147.98100,1.84855,1.31187,0.88072,0.69217,78.75400,0.71112,1.25635,0.97797,112.81000
0.97348,0.76289,86.94400,1.10673,0.76781,0.78360,89.30400,113.75300,1.51003,1.50223,1.15680,0.88428,131.93400,1.67446,1.15953,1.71251,1.66734,1.30661,147.06200,1.84689,1.30639,0.88145,0.69074,78.72200,0.70837,1.25314,0.97810,112.59900
0.97098,0.76254,86.98100,1.10713,0.76824,0.78531,89.57500,113.95700,1.51618,1.50700,1.16169,0.88527,131.83100,1.68492,1.16483,1.72327,1.67337,1.31416,148.04000,1.84221,1.31401,0.87784,0.68940,78.63200,0.70645,1.25461,0.97970,112.68900
0.97099,0.76266,86.87300,1.10863,0.76580,0.78482,89.49500,114.05700,1.52338,1.51600,1.16139,0.88393,132.50700,1.68208,1.16664,1.72128,1.67342,1.31352,148.44300,1.84257,1.32029,0.87802,0.68989,78.59700,0.70660,1.25145,0.97502,112.43600
0.97078,0.75932,86.60500,1.10674,0.76528,0.78216,89.20700,113.92700,1.52248,1.51524,1.16172,0.88418,132.40200,1.69043,1.16637,1.71942,1.66930,1.30571,148.71100,1.85916,1.32222,0.87849,0.68711,78.36800,0.70755,1.24529,0.97318,112.48300
0.97184,0.75543,86.57100,1.10859,0.76264,0.77729,89.07300,114.04400,1.52979,1.51858,1.16703,0.88966,132.49500,1.71337,1.16673,1.72427,1.67585,1.30268,148.84900,1.86659,1.32601,0.87617,0.68104,78.04500,0.71149,1.24739,0.97530,112.27200
0.96829,0.74977,85.61800,1.10430,0.76344,0.77428,88.41400,114.58900,1.54471,1.51732,1.16593,0.89581,133.73400,1.71573,1.17938,1.73588,1.68098,1.30162,148.30500,1.86632,1.32775,0.87757,0.67945,77.58800,0.71726,1.24628,0.97307,111.79900
0.96755,0.75401,85.74300,1.10603,0.75842,0.77927,88.61400,114.18000,1.55487,1.52438,1.16913,0.89567,133.13400,1.71746,1.17932,1.73749,1.68116,1.31016,148.63600,1.85966,1.32486,0.87345,0.68065,77.39900,0.71670,1.25155,0.97504,112.18600
0.96562,0.74800,84.84400,1.10306,0.75880,0.77460,87.85800,113.70700,1.55043,1.53501,1.16616,0.89229,132.94500,1.73119,1.17653,1.74647,1.68658,1.30641,147.96000,1.84450,1.31888,0.86947,0.67351,76.39400,0.71705,1.25199,0.97829,112.19600
0.96509,0.74760,84.78500,1.10493,0.75668,0.77401,87.77700,113.41600,1.55890,1.50969,1.16510,0.89255,132.27500,1.72616,1.17966,1.74657,1.68654,1.30659,149.11800,1.84677,1.32047,0.86677,0.67197,76.33400,0.71505,1.24665,0.98153,112.92700
0.96662,0.74944,85.03200,1.10905,0.75646,0.77532,87.96400,113.32100,1.55805,1.50815,1.16520,0.89149,132.14200,1.72353,1.17884,1.75388,1.69540,1.31456,148.03400,1.83877,1.31552,0.87186,0.67595,76.69300,0.70296,1.24833,0.97602,112.53400
0.96887,0.75223,85.27500,1.10319,0.75463,0.77640,88.01300,113.44900,1.55461,1.50536,1.16472,0.88631,132.19500,1.71730,1.17320,1.74496,1.69077,1.31276,149.66700,1.84552,1.31848,0.87341,0.67815,76.86100,0.69568,1.26246,0.98427,113.49500
0.96727,0.74726,84.63000,1.10758,0.75841,0.77255,87.49200,113.35300,1.54824,1.50024,1.16062,0.88719,132.03700,1.71794,1.17427,1.74938,1.69227,1.30743,149.69000,1.87043,1.31965,0.87442,0.67547,76.51100,0.69638,1.26448,0.98494,113.43100
0.96942,0.74825,84.78800,1.11047,0.76140,0.77210,87.46400,113.26200,1.55292,1.50918,1.16373,0.88765,131.45800,1.72007,1.18253,1.74501,1.69173,1.30636,149.50800,1.89301,1.31255,0.87589,0.67634,76.61100,0.68938,1.26742,0.99102,113.89200
0.96816,0.74633,84.99300,1.10940,0.76241,0.77083,87.77400,113.25800,1.55430,1.51426,1.16862,0.89059,131.81400,1.73356,1.18515,1.74980,1.69436,1.30612,150.75600,1.89281,1.32541,0.87430,0.67402,76.74900,0.68873,1.27952,0.98961,113.74000
0.96740,0.74483,84.90800,1.10852,0.76176,0.76800,87.69300,113.85300,1.56555,1.51408,1.16797,0.89458,133.07200,1.73435,1.19267,1.74970,1.69364,1.30481,149.97200,1.89710,1.31591,0.87143,0.67184,76.49200,0.68337,1.28460,0.99747,113.97000
0.97081,0.74634,84.44800,1.10918,0.76143,0.76875,86.98500,113.62200,1.56588,1.51227,1.16748,0.89420,133.03700,1.72247,1.19287,1.75075,1.69976,1.30673,149.20700,1.92364,1.31281,0.88161,0.67773,76.68200,0.68743,1.28076,0.99616,113.66600
0.97361,0.74772,84.75500,1.10599,0.76072,0.76801,87.04700,113.14200,1.56414,1.51464,1.16541,0.89335,132.09700,1.71419,1.18995,1.76090,1.71452,1.31684,149.45900,1.92137,1.32074,0.88507,0.67974,77.04500,0.68751,1.28314,0.99432,113.17400
0.97365,0.74543,84.71800,1.10650,0.75958,0.76555,87.00700,113.33200,1.55835,1.51106,1.16704,0.88494,132.08600,1.72108,1.18379,1.77160,1.72492,1.32065,150.93200,1.90371,1.32823,0.88569,0.67799,77.05900,0.68455,1.28875,0.99754,113.63400
0.97612,0.74455,85.14000,1.10714,0.75769,0.76276,87.21500,113.64400,1.56553,1.51275,1.17085,0.88368,132.63600,1.74088,1.18623,1.78740,1.74483,1.33091,151.20000,1.92063,1.32425,0.88165,0.67248,76.89600,0.68859,1.28644,1.00323,114.17500
0.96613,0.74272,85.28100,1.10640,0.75661,0.76872,88.26600,114.34000,1.57247,1.50312,1.16062,0.87968,133.88000,1.72634,1.18977,1.76929,1.70937,1.31412,148.94300,1.93988,1.30571,0.87442,0.67222,77.18600,0.69123,1.28119,0.99925,114.07800
0.96499,0.74199,85.30300,1.10113,0.76117,0.76842,88.39700,114.81200,1.56255,1.51420,1.16016,0.88317,133.26100,1.72431,1.18941,1.76954,1.70826,1.31457,149.10900,1.92272,1.30740,0.87252,0.67172,77.27100,0.69062,1.27620,1.00035,114.04500
0.96436,0.74869,85.53400,1.09991,0.76085,0.77634,88.69300,114.72000,1.56270,1.51124,1.16870,0.88230,133.38600,1.73130,1.18919,1.77339,1.71026,1.32779,149.72500,1.88841,1.31693,0.86952,0.67502,77.11700,0.69444,1.27024,0.99739,113.69600
0.96586,0.75164,85.65000,1.09923,0.75948,0.77817,88.67300,114.23700,1.56097,1.51646,1.16751,0.88020,133.52300,1.71860,1.18559,1.76707,1.70679,1.32823,150.05700,1.89209,1.31636,0.87290,0.67926,77.40400,0.68939,1.27756,0.99948,114.00100
0.96772,0.74881,84.90800,1.10700,0.76060,0.77377,87.73600,113.94600,1.55324,1.52508,1.16777,0.87894,133.03900,1.71521,1.18140,1.76862,1.71166,1.32452,149.30200,1.89562,1.31109,0.87983,0.68074,77.19000,0.69610,1.27251,0.99988,113.86500
0.96538,0.74634,84.91400,1.10473,0.75609,0.77312,87.95700,113.38100,1.55938,1.52367,1.17074,0.88161,132.41100,1.72509,1.17911,1.79415,1.73204,1.33910,149.13200,1.90703,1.31438,0.87773,0.67857,77.20300,0.69466,1.26799,0.99370,113.46900
0.96564,0.74512,85.19700,1.10432,0.75053,0.77159,88.22200,113.76300,1.56856,1.51145,1.16832,0.87419,133.19700,1.72024,1.17730,1.78493,1.72375,1.33005,149.71200,1.88151,1.31891,0.88003,0.67905,77.64300,0.69245,1.26885,0.99567,113.51600
0.96471,0.74526,85.19000,1.10898,0.75052,0.77225,88.26600,114.33300,1.56782,1.50894,1.16932,0.87832,133.58100,1.71937,1.17673,1.78045,1.71987,1.32765,149.00000,1.89158,1.31143,0.87815,0.67799,77.55400,0.69016,1.27317,0.99630,113.61700
0.96792,0.74668,85.49500,1.10638,0.75082,0.77138,88.32600,114.28700,1.56692,1.50936,1.16845,0.87923,133.59200,1.70428,1.17731,1.77101,1.71428,1.32247,149.34800,1.90081,1.31647,0.88863,0.68549,78.49100,0.68749,1.27297,0.98928,113.45300
0.97294,0.75001,85.85000,1.09976,0.75317,0.77083,88.23400,114.49400,1.56477,1.50535,1.16479,0.88350,133.78800,1.69222,1.17862,1.76152,1.71391,1.32118,148.62600,1.89937,1.31684,0.89288,0.68825,78.78100,0.68758,1.27620,0.98799,112.87200
0.97738,0.75202,85.92200,1.09969,0.75583,0.76944,87.90000,114.46000,1.55299,1.50349,1.16405,0.88158,133.33000,1.68250,1.17385,1.75598,1.71641,1.32078,149.14200,1.91440,1.31932,0.89909,0.69175,79.03000,0.68501,1.27552,0.99405,113.04800
0.97825,0.75768,86.10400,1.09717,0.76373,0.77450,88.01000,114.23300,1.54766,1.50171,1.16424,0.88130,132.99100,1.68565,1.18202,1.75135,1.71345,1.32709,148.12600,1.91450,1.32132,0.89160,0.69055,78.47200,0.68131,1.27617,0.98826,112.08200
0.98490,0.75758,86.13400,1.09662,0.76748,0.76916,87.44900,113.62900,1.53636,1.50581,1.16473,0.87716,132.29100,1.68004,1.17920,1.74174,1.71554,1.31960,149.03400,1.92534,1.32331,0.90114,0.69318,78.80800,0.68068,1.28187,0.99342,112.61800
0.98347,0.75691,86.07500,1.08903,0.76477,0.76933,87.50600,113.68800,1.53730,1.50771,1.16395,0.88257,132.41700,1.68051,1.17570,1.73914,1.71239,1.31942,148.81400,1.93809,1.32368,0.89800,0.69116,78.68000,0.68254,1.27777,0.99142,112.43100
0.98671,0.75589,86.30100,1.08961,0.76461,0.76604,87.45800,113.65900,1.53639,1.50762,1.16174,0.88231,132.30800,1.68436,1.17505,1.74535,1.72230,1.31942,148.15600,1.94200,1.33217,0.90024,0.68964,78.73500,0.68800,1.26939,0.98177,111.20600
0.98678,0.75526,86.55600,1.08689,0.76672,0.76535,87.71000,114.16100,1.53682,1.50639,1.16731,0.88045,132.63600,1.69408,1.17838,1.74578,1.72277,1.31863,147.96900,1.93678,1.33017,0.90016,0.68892,78.95200,0.68880,1.27069,0.98149,111.20000
0.98352,0.75644,86.95500,1.09709,0.76637,0.76907,88.40500,114.59300,1.54545,1.50834,1.17189,0.88519,133.77600,1.70221,1.18447,1.74631,1.71766,1.32109,148.57500,1.93426,1.33285,0.89513,0.68830,79.12800,0.68691,1.27034,0.97744,111.49000
0.98091,0.76136,87.31900,1.09283,0.76669,0.77613,89.01300,114.94100,1.54913,1.49460,1.17317,0.88701,134.71400,1.69333,1.18779,1.73674,1.70365,1.32238,147.91100,1.93007,1.33155,0.89253,0.69269,79.44500,0.69112,1.27682,0.98101,111.08500
0.98251,0.76396,87.41900,1.09292,0.77045,0.77746,88.96700,114.67700,1.54079,1.49231,1.17330,0.88712,134.54700,1.68798,1.18718,1.73270,1.70255,1.32384,148.65200,1.93614,1.33357,0.89376,0.69498,79.51800,0.68973,1.28145,0.98345,111.47000
0.98092,0.76161,87.30200,1.09588,0.77161,0.77628,89.00700,114.41400,1.53568,1.48584,1.17321,0.88622,134.26100,1.68866,1.18504,1.73029,1.69958,1.32154,150.04800,1.92661,1.34078,0.89029,0.69357,79.47200,0.68798,1.28628,0.98447,111.91800
0.98078,0.76462,87.47600,1.09606,0.77141,0.77957,89.18100,114.49500,1.53849,1.48657,1.17361,0.88762,134.40000,1.68559,1.18630,1.73039,1.69730,1.32322,152.17800,1.93156,1.35237,0.89289,0.69604,79.63400,0.68308,1.28956,0.98326,112.52700
0.98259,0.76706,88.05600,1.09854,0.77292,0.78058,89.60600,114.39300,1.53474,1.50392,1.17373,0.88687,134.26600,1.68516,1.18635,1.72216,1.69221,1.32103,150.98900,1.94826,1.34729,0.89296,0.69599,79.90200,0.68883,1.26803,0.97625,112.14400
0.97939,0.76255,87.98700,1.09888,0.77752,0.77847,89.82000,114.78800,1.53011,1.50756,1.16920,0.88842,134.74400,1.68640,1.18975,1.72443,1.68918,1.31511,151.49100,1.97924,1.34792,0.89059,0.69334,79.99800,0.68552,1.26723,0.98500,112.38700
0.97913,0.76113,87.96500,1.09907,0.77958,0.77730,89.83300,115.37900,1.53310,1.52079,1.17063,0.88899,134.91400,1.69249,1.19526,1.73083,1.69485,1.31752,151.30900,1.94964,1.34406,0.88958,0.69155,79.91700,0.68724,1.26839,0.98672,112.56400
0.98087,0.76044,87.91300,1.09838,0.78088,0.77462,89.60600,115.56200,1.53782,1.52005,1.16927,0.88841,135.29800,1.69239,1.20094,1.72988,1.69804,1.31561,150.31600,1.96403,1.33882,0.89157,0.69073,79.84800,0.68804,1.27882,0.98975,112.27900
0.97952,0.76113,87.91300,1.09816,0.78024,0.77700,89.74700,115.59300,1.53693,1.52446,1.17148,0.88856,135.19400,1.69549,1.19941,1.73603,1.70053,1.32141,152.33600,1.95429,1.34703,0.88912,0.69081,79.79600,0.68261,1.28530,0.99439,113.08000
0.98290,0.76597,88.22800,1.09982,0.78313,0.77924,89.75500,115.49700,1.53906,1.52500,1.17391,0.88651,135.31400,1.69156,1.20533,1.72381,1.69446,1.32049,151.97800,1.94464,1.33922,0.89050,0.69384,79.91900,0.68376,1.28474,0.99261,113.47300
0.98282,0.76665,88.68100,1.09965,0.78408,0.77999,90.22800,115.17300,1.53249,1.51817,1.17661,0.88897,135.21500,1.68542,1.20163,1.72319,1.69366,1.32115,151.44500,1.97132,1.33371,0.89486,0.69799,80.73900,0.69093,1.28547,0.99116,113.54800
0.97629,0.76756,89.03500,1.10049,0.78654,0.78617,91.19500,115.67200,1.53466,1.52180,1.17510,0.89055,136.11300,1.67848,1.20717,1.72374,1.68295,1.32315,151.20500,1.95617,1.33170,0.89034,0.69997,81.19500,0.69327,1.28646,0.99149,113.54100
0.97592,0.76623,88.88900,1.10063,0.78693,0.78528,91.06600,115.99600,1.53082,1.52675,1.17258,0.88803,136.31600,1.67621,1.20473,1.72475,1.68339,1.32204,151.01100,1.92898,1.34192,0.88756,0.69823,80.88800,0.70230,1.28167,0.98534,112.53900
0.97397,0.76670,88.66300,1.10153,0.78625,0.78715,91.02700,115.98600,1.52976,1.52683,1.16963,0.88682,136.02500,1.66642,1.20298,1.72973,1.68474,1.32622,150.88900,1.92035,1.34273,0.89158,0.70182,81.15800,0.69827,1.27937,0.98903,112.37800
0.97480,0.76941,88.12200,1.10351,0.78413,0.78926,90.39300,115.63400,1.52551,1.52646,1.17336,0.88190,135.26200,1.66353,1.19628,1.72962,1.68610,1.33087,149.96200,1.91042,1.33175,0.89357,0.70520,80.77400,0.69883,1.28639,0.99039,112.61600
0.98563,0.76651,87.25700,1.09811,0.78241,0.77764,88.52700,114.52300,1.52494,1.52866,1.16958,0.88161,134.38800,1.66233,1.19320,1.72384,1.69921,1.32144,150.60700,1.92222,1.33827,0.90473,0.70344,80.08200,0.69931,1.28610,0.98560,112.54000
0.98847,0.77036,87.68300,1.09638,0.78366,0.77929,88.70000,113.82900,1.52580,1.52830,1.17493,0.88503,133.14500,1.65769,1.19576,1.71510,1.69541,1.32131,151.09100,1.90417,1.33845,0.90932,0.70867,80.65700,0.69691,1.28750,0.98462,112.88400
0.98780,0.76641,87.86500,1.09665,0.78934,0.77583,88.94500,113.81200,1.52509,1.53157,1.17992,0.88916,133.73300,1.67819,1.20390,1.73595,1.71484,1.33053,151.64300,1.91277,1.33748,0.90608,0.70299,80.59200,0.70109,1.28310,0.98682,113.38700
0.98630,0.76567,87.91600,1.09230,0.79117,0.77619,89.10800,114.63700,1.53953,1.53002,1.18050,0.88678,135.27700,1.68225,1.21812,1.73345,1.70961,1.32817,151.67100,1.91877,1.33862,0.90309,0.69695,80.14300,0.70131,1.27369,0.98823,113.32400
0.99005,0.76700,88.00900,1.09076,0.79162,0.77466,88.88300,114.77800,1.54087,1.52939,1.18097,0.88911,135.49900,1.68042,1.22000,1.73096,1.71395,1.32785,151.36600,1.90657,1.33584,0.90704,0.70269,80.62500,0.70212,1.27262,0.98810,113.28500
0.98921,0.76359,87.79500,1.08917,0.79671,0.77190,88.74700,114.72300,1.53957,1.52655,1.17722,0.88935,135.51800,1.68663,1.22685,1.73268,1.71405,1.32317,151.42800,1.90667,1.33740,0.90409,0.69784,80.23200,0.70379,1.26804,0.98912,113.22400
0.99344,0.76983,88.97200,1.08693,0.79600,0.77486,89.55500,114.96500,1.54157,1.52868,1.17650,0.88963,135.35400,1.67628,1.22717,1.73308,1.72184,1.33436,151.79800,1.90242,1.33937,0.90576,0.70170,81.10100,0.70538,1.26523,0.98628,113.34400
0.99420,0.76646,88.76900,1.09002,0.80077,0.77089,89.28000,115.56300,1.52816,1.52700,1.17323,0.88168,135.97200,1.67508,1.22376,1.73690,1.72686,1.33135,151.59700,1.89927,1.34258,0.90849,0.70029,81.10500,0.70778,1.25659,0.97778,112.84900
0.99856,0.76957,88.47700,1.09089,0.79982,0.77063,88.60100,115.80600,1.53069,1.53435,1.17666,0.88121,135.88100,1.67962,1.22432,1.73377,1.73133,1.33431,152.13500,1.89797,1.35019,0.90890,0.70039,80.52800,0.70864,1.25705,0.97475,112.67600
0.99909,0.76980,88.51500,1.09126,0.80005,0.77025,88.57700,114.96400,1.52892,1.54245,1.17768,0.88181,135.28500,1.67825,1.22329,1.73399,1.73033,1.33539,152.57000,1.89402,1.35860,0.90775,0.70080,80.27000,0.71004,1.25108,0.97155,112.26100
0.99764,0.77089,88.91500,1.09398,0.79851,0.77266,89.11800,114.98000,1.52799,1.54763,1.17954,0.88261,135.42100,1.67582,1.22224,1.74511,1.74110,1.34542,152.02700,1.90407,1.35107,0.91082,0.70370,81.16600,0.70888,1.25358,0.97659,112.48200
0.99426,0.76600,88.20900,1.09656,0.80115,0.77039,88.71200,115.32900,1.53000,1.55066,1.17774,0.87668,136.04700,1.67209,1.22584,1.75057,1.74062,1.34101,152.75200,1.91147,1.35479,0.91417,0.70425,81.09600,0.71532,1.24867,0.97326,112.71700
0.99520,0.76337,88.07300,1.09417,0.79968,0.76718,88.50400,115.14500,1.53742,1.55164,1.17251,0.87818,135.62100,1.67025,1.22952,1.75988,1.75140,1.34369,153.41600,1.90507,1.35608,0.91509,0.70184,80.97300,0.71579,1.24087,0.97462,113.02600
0.99185,0.75624,87.78300,1.09846,0.80777,0.76246,88.50000,115.35700,1.53580,1.54309,1.16787,0.87255,135.27000,1.68898,1.24045,1.76033,1.74601,1.33139,153.40600,1.89337,1.35638,0.90675,0.69129,80.24100,0.71710,1.24177,0.97680,113.06600
1.00022,0.75948,88.24300,1.09727,0.80234,0.75925,88.21600,116.06000,1.54416,1.54379,1.16173,0.87712,135.56500,1.68762,1.23900,1.74335,1.74387,1.32409,152.50800,1.89207,1.35369,0.90650,0.68822,79.96600,0.71599,1.24627,0.98219,112.61800
0.99910,0.75567,88.04100,1.09519,0.81197,0.75701,88.19100,116.17900,1.52962,1.54265,1.16050,0.87733,134.98500,1.68849,1.24209,1.74340,1.74295,1.32202,150.49000,1.88957,1.35026,0.90614,0.68665,79.62700,0.71962,1.25443,0.97816,111.40500
0.99831,0.75878,88.26100,1.08745,0.81096,0.76004,88.40400,116.48000,1.53162,1.54092,1.16032,0.87802,134.94600,1.69161,1.24264,1.73740,1.73455,1.31840,150.54100,1.88967,1.35341,0.90238,0.68581,79.77100,0.72586,1.25184,0.97555,111.23700
0.99628,0.75487,87.93800,1.08741,0.81013,0.75762,88.26100,116.31100,1.52908,1.54911,1.15825,0.88004,134.96800,1.69112,1.23885,1.75036,1.74403,1.32140,152.45100,1.87607,1.37270,0.90386,0.68476,79.77200,0.72423,1.24586,0.96726,111.01300
0.99029,0.74942,87.80800,1.09368,0.80849,0.75671,88.66300,116.48300,1.53429,1.55574,1.15559,0.87648,134.93000,1.68642,1.24052,1.76097,1.74402,1.31981,152.37400,1.86397,1.37889,0.90546,0.68507,80.27500,0.72987,1.24276,0.96273,110.50400
0.98602,0.74530,87.90900,1.10320,0.80490,0.75584,89.14600,117.15800,1.54183,1.55709,1.15979,0.87550,135.40400,1.69278,1.24113,1.77506,1.75035,1.32308,152.29100,1.89230,1.37879,0.90639,0.68501,80.79200,0.72657,1.24341,0.95925,110.44200
0.98314,0.73905,87.50100,1.10182,0.80348,0.75170,88.99400,117.93100,1.55598,1.56201,1.15955,0.87650,136.78800,1.70436,1.25024,1.77998,1.75012,1.31565,153.88400,1.88777,1.38256,0.90495,0.68023,80.53000,0.72687,1.24347,0.96529,111.26000
0.98424,0.73799,87.29000,1.10618,0.79357,0.74913,88.61000,118.38200,1.56880,1.55845,1.16032,0.88130,137.28400,1.70594,1.24509,1.77832,1.75333,1.31487,154.31400,1.89657,1.38908,0.90473,0.67907,80.32000,0.72987,1.24160,0.95864,111.06500
0.98809,0.73884,86.66700,1.10212,0.79210,0.74776,87.70600,118.25800,1.57214,1.55750,1.15955,0.88221,137.21900,1.70377,1.24560,1.77208,1.75107,1.30935,153.43700,1.90037,1.38511,0.91012,0.68048,79.82100,0.72680,1.24936,0.96249,110.76800
0.98740,0.73801,86.20800,1.09346,0.79004,0.74738,87.30200,117.29000,1.56929,1.55858,1.15974,0.88552,136.01100,1.69694,1.23988,1.76994,1.74777,1.30634,153.66900,1.90247,1.39820,0.91431,0.68330,79.81800,0.73267,1.24424,0.96156,110.91100
0.98355,0.73750,85.60500,1.08773,0.78855,0.74974,87.02600,116.80000,1.57134,1.55950,1.15709,0.88776,135.47000,1.69051,1.23917,1.77368,1.74473,1.30828,154.35400,1.90357,1.39957,0.91198,0.68374,79.35200,0.73512,1.24181,0.95752,110.27400
0.98166,0.73031,84.88800,1.08637,0.78249,0.74390,86.46500,116.06200,1.56868,1.56025,1.14852,0.88438,134.30500,1.69682,1.22767,1.78507,1.75247,1.30378,155.46000,1.93999,1.42364,0.90970,0.67675,78.65600,0.73358,1.23440,0.94430,109.18300
0.98237,0.73111,84.56700,1.08499,0.77984,0.74419,86.07700,116.23300,1.57251,1.56791,1.14814,0.88084,133.50500,1.68864,1.22639,1.77245,1.74125,1.29596,154.63000,1.92972,1.41353,0.91337,0.67979,78.62300,0.73223,1.23755,0.94063,109.38000
0.98307,0.73404,85.00600,1.08550,0.77885,0.74636,86.45100,115.66400,1.57028,1.55670,1.15105,0.88587,132.80800,1.68845,1.22311,1.76790,1.73911,1.29870,153.76100,1.92367,1.41598,0.91217,0.68102,78.85500,0.73506,1.23187,0.93196,108.57100
0.98906,0.73628,85.22200,1.07981,0.78146,0.74437,86.15600,115.76500,1.56822,1.55265,1.15320,0.88619,133.30600,1.69573,1.22498,1.76293,1.74380,1.29814,153.29700,1.92114,1.40713,0.91345,0.67995,78.69700,0.73177,1.23371,0.93742,108.93200
0.98937,0.73419,84.61500,1.07733,0.78419,0.74205,85.51900,115.73500,1.56613,1.56079,1.15452,0.88831,133.48000,1.69814,1.22825,1.76613,1.74748,1.29678,153.85500,1.92963,1.41465,0.91608,0.67975,78.34100,0.73277,1.23333,0.93387,108.75200
0.99061,0.73636,84.72300,1.07892,0.78566,0.74329,85.51800,115.23800,1.57238,1.56073,1.15748,0.89023,133.05600,1.68998,1.23547,1.76746,1.75103,1.30164,154.86900,1.92633,1.41845,0.92143,0.68476,78.79100,0.73641,1.23130,0.93093,109.15200
0.99104,0.73216,84.32600,1.07533,0.79120,0.73876,85.08300,115.04200,1.57177,1.56546,1.15401,0.88919,133.17200,1.68798,1.24367,1.77564,1.75979,1.30013,155.97600,1.92799,1.42600,0.92521,0.68354,78.72000,0.73935,1.22643,0.92613,109.37200
0.99244,0.73325,84.05800,1.07684,0.79356,0.73879,84.69200,115.16200,1.57608,1.57197,1.15153,0.88756,132.91000,1.68080,1.25078,1.77317,1.75991,1.30029,155.45400,1.93296,1.41132,0.92707,0.68497,78.51600,0.72918,1.24199,0.93097,110.12600
0.99258,0.73311,84.03800,1.08259,0.79066,0.73833,84.54500,114.62500,1.57022,1.59018,1.15108,0.88549,132.00000,1.67863,1.24160,1.77033,1.76043,1.30125,152.28200,1.92070,1.39571,0.92591,0.68510,78.29800,0.72631,1.25373,0.93121,109.08500
0.99379,0.73493,84.30400,1.07984,0.79045,0.73942,84.81700,114.47200,1.56891,1.58694,1.15258,0.88415,131.89500,1.68308,1.24105,1.76965,1.75884,1.30071,152.79700,1.89895,1.39461,0.92583,0.68464,78.52800,0.73391,1.24924,0.93588,109.53700
0.99594,0.73721,84.50800,1.07487,0.79115,0.74019,84.84800,114.66500,1.56816,1.60170,1.15441,0.88597,132.20600,1.68014,1.24076,1.77526,1.76815,1.30883,151.71400,1.91753,1.38752,0.92815,0.68696,78.74900,0.72323,1.25644,0.94259,109.30300
0.99198,0.73408,84.28300,1.07104,0.78773,0.73996,84.95800,114.62000,1.56577,1.60010,1.15466,0.88195,132.32900,1.67766,1.23350,1.78144,1.76729,1.30788,151.23500,1.92619,1.39072,0.92998,0.68812,79.00400,0.72158,1.26009,0.93586,108.71400
0.99749,0.73202,83.64400,1.07036,0.78213,0.73384,83.85000,114.79800,1.57276,1.60356,1.15068,0.88276,132.57000,1.67870,1.23020,1.77914,1.77471,1.30245,150.38500,1.90574,1.38234,0.93393,0.68534,78.31000,0.72461,1.25721,0.93881,108.76300
0.99184,0.73348,83.62100,1.07002,0.78447,0.73948,84.30400,114.25300,1.57183,1.58851,1.15125,0.88342,131.48200,1.68447,1.23312,1.78306,1.76863,1.30796,150.30100,1.90385,1.38341,0.92401,0.68332,77.89900,0.72633,1.25746,0.93909,108.62800
0.99019,0.73394,83.82200,1.07320,0.78342,0.74111,84.58400,113.99200,1.56944,1.58014,1.15116,0.88013,131.24500,1.68400,1.22961,1.78146,1.76306,1.30786,149.74000,1.90918,1.38901,0.92106,0.68217,77.94700,0.72726,1.25912,0.93464,107.79400
0.99529,0.73632,83.93100,1.07293,0.78409,0.73977,84.32700,114.15500,1.56750,1.57601,1.15469,0.88010,131.40700,1.68330,1.22935,1.77888,1.77055,1.30993,149.73100,1.89971,1.39958,0.92714,0.68586,78.18000,0.73613,1.24892,0.92912,106.98000
0.99435,0.73201,83.73800,1.06646,0.78507,0.73614,84.20800,113.98300,1.56811,1.58345,1.14899,0.88149,131.62400,1.69058,1.23118,1.78480,1.77484,1.30663,149.56600,1.90250,1.40952,0.92310,0.67952,77.73200,0.74052,1.24793,0.92176,106.08700
0.99796,0.73425,82.96100,1.06790,0.77952,0.73575,83.13000,114.38200,1.56949,1.60645,1.15187,0.87930,131.43700,1.69169,1.22356,1.77023,1.76652,1.29982,149.04800,1.89800,1.40281,0.92538,0.68074,76.92000,0.73818,1.25470,0.92675,106.25600
0.99545,0.73141,82.45300,1.07328,0.77787,0.73472,82.82400,112.97800,1.56871,1.60175,1.15506,0.88612,130.14700,1.68902,1.22033,1.77407,1.76606,1.29767,149.17700,1.89812,1.39960,0.93064,0.68373,77.07600,0.73702,1.25555,0.92862,106.56500
0.99994,0.72637,81.83300,1.07399,0.77607,0.72641,81.83400,112.71800,1.57909,1.60550,1.15516,0.89003,130.20800,1.70462,1.22552,1.77834,1.77832,1.29186,150.17500,1.90406,1.39928,0.93274,0.67751,76.32700,0.73458,1.26467,0.93594,107.30500
1.00020,0.72781,82.07300,1.07330,0.77536,0.72766,82.03700,112.64800,1.59020,1.60884,1.15515,0.89414,130.14100,1.70034,1.23307,1.77745,1.77761,1.29283,149.90700,1.90097,1.39128,0.93269,0.67865,76.55100,0.73165,1.27019,0.93886,107.72800
1.00853,0.72985,82.41900,1.07701,0.77627,0.72364,81.71700,112.72300,1.58641,1.60911,1.15914,0.89236,130.24300,1.70565,1.23184,1.78204,1.79731,1.30069,148.91000,1.90032,1.39509,0.93897,0.67944,76.72900,0.73344,1.27042,0.93267,106.73000
1.00861,0.73557,83.06100,1.07815,0.77605,0.72921,82.34600,112.91700,1.58812,1.61176,1.16689,0.89111,130.89800,1.70059,1.23254,1.77587,1.79134,1.30640,149.22900,1.91393,1.39648,0.94079,0.68604,77.47000,0.72881,1.26300,0.93546,106.83600
1.01042,0.73751,82.90100,1.06951,0.78198,0.72981,82.03800,112.91500,1.58632,1.60206,1.17040,0.89319,131.77100,1.70303,1.24055,1.77767,1.79635,1.31113,149.31000,1.91147,1.39633,0.94155,0.68709,77.24100,0.73007,1.26841,0.93797,106.90400
1.00532,0.74101,82.72700,1.07192,0.78164,0.73704,82.28300,112.40200,1.58688,1.59276,1.17091,0.89261,131.56500,1.69400,1.24046,1.77166,1.78122,1.31294,149.24300,1.92148,1.39067,0.93760,0.69107,77.15000,0.72343,1.27734,0.93888,107.30500
1.00704,0.74618,83.79100,1.07159,0.77873,0.74093,83.19800,111.63100,1.58000,1.59195,1.17085,0.89175,130.72000,1.68896,1.23050,1.76436,1.77689,1.31665,146.72500,1.90771,1.37572,0.93543,0.69310,77.82900,0.72081,1.28310,0.94439,106.64400
1.00518,0.74645,83.80200,1.07387,0.78480,0.74253,83.34200,112.28200,1.56898,1.59167,1.17069,0.88920,131.47600,1.68937,1.23144,1.76375,1.77383,1.31745,146.30100,1.89969,1.37719,0.93247,0.69231,77.74700,0.72460,1.28357,0.94165,106.21300
1.01099,0.74626,83.79200,1.07196,0.78468,0.73808,82.87100,112.23700,1.56763,1.59273,1.16882,0.88853,131.42200,1.69079,1.23053,1.76522,1.78486,1.31749,145.86100,1.90469,1.37963,0.93643,0.69112,77.60300,0.72347,1.28768,0.93699,105.69900
1.01845,0.74142,83.64900,1.07293,0.78784,0.72797,82.12700,112.27000,1.56606,1.60276,1.16957,0.88710,131.23400,1.69086,1.23391,1.77756,1.81049,1.31808,147.02500,1.91557,1.38452,0.95002,0.69155,78.02200,0.72252,1.29615,0.93975,106.17600
1.02046,0.74440,83.73900,1.07200,0.78517,0.72946,82.05200,112.80900,1.57729,1.59697,1.16850,0.88726,131.94600,1.68671,1.23854,1.77224,1.80867,1.31943,147.30000,1.90372,1.38836,0.94963,0.69261,77.91500,0.72904,1.28743,0.94043,106.09200
1.01796,0.74234,82.88000,1.07640,0.78809,0.72919,81.41100,112.47700,1.56953,1.58977,1.17083,0.88557,131.44200,1.69089,1.23702,1.78683,1.81900,1.32650,147.38900,1.90715,1.38976,0.94944,0.69234,77.29400,0.72826,1.29091,0.94331,106.04100
1.00989,0.73456,81.78200,1.07750,0.77993,0.72734,80.97500,111.63800,1.57710,1.58456,1.17024,0.88259,130.71900,1.70387,1.23012,1.80784,1.82588,1.32809,146.63700,1.90058,1.38057,0.94411,0.68674,76.45200,0.72577,1.28943,0.95078,106.17500
1.01010,0.73423,81.73900,1.07955,0.77121,0.72675,80.92800,111.32300,1.59303,1.58864,1.16996,0.88108,130.28600,1.70231,1.22863,1.80769,1.82617,1.32773,147.86100,1.89949,1.38454,0.94441,0.68576,76.45200,0.72754,1.28036,0.95079,106.77900
1.00804,0.73343,81.89500,1.07188,0.77132,0.72754,81.24000,111.28600,1.59283,1.58851,1.17270,0.88178,130.27400,1.70228,1.22889,1.81770,1.83240,1.33322,147.93100,1.90422,1.39025,0.94678,0.68875,76.91200,0.72955,1.28417,0.94746,106.39000
1.00503,0.73419,81.82700,1.07438,0.77174,0.73050,81.41300,111.67000,1.59883,1.58846,1.17038,0.87953,130.95200,1.70533,1.23399,1.82196,1.83123,1.33777,148.76000,1.90503,1.39587,0.93938,0.68622,76.47800,0.73238,1.29627,0.94393,106.53500
1.00223,0.73690,82.25800,1.07199,0.76822,0.73522,82.08600,111.44700,1.59398,1.57035,1.17113,0.87481,130.44400,1.70422,1.22459,1.82111,1.82527,1.34207,148.39900,1.90357,1.39594,0.93221,0.68532,76.51700,0.73305,1.29525,0.94474,106.30100
0.99596,0.73135,81.21500,1.06956,0.77677,0.73429,81.53800,111.63900,1.58864,1.56875,1.16897,0.87256,130.75200,1.70596,1.23457,1.83085,1.82355,1.33911,148.13100,1.91416,1.39335,0.93305,0.68513,76.08100,0.72750,1.30517,0.95117,106.30400
0.99140,0.72875,80.71800,1.06872,0.77065,0.73503,81.41200,111.03900,1.59828,1.56082,1.17001,0.87294,129.81400,1.70734,1.23185,1.83560,1.81996,1.33780,147.71900,1.93126,1.39396,0.93216,0.68520,75.89200,0.72111,1.30898,0.95146,105.95400
0.99243,0.72907,80.60600,1.06458,0.77017,0.73441,81.19700,110.75400,1.60542,1.56854,1.17013,0.87453,129.59600,1.70686,1.23650,1.83546,1.82172,1.33848,148.72700,1.93520,1.40218,0.93296,0.68333,75.77100,0.72421,1.30770,0.95085,106.06900
0.99525,0.73066,81.37700,1.06974,0.76960,0.73412,81.76000,110.54100,1.60468,1.56956,1.17668,0.87410,129.39100,1.70679,1.23514,1.83931,1.83064,1.34398,149.07700,1.94761,1.39940,0.93899,0.68933,76.77100,0.71830,1.30705,0.95632,106.51200
0.98992,0.72797,81.11800,1.07258,0.77337,0.73535,81.93900,111.36700,1.61035,1.56617,1.17442,0.87547,131.05300,1.70690,1.24547,1.84107,1.82264,1.34038,149.91000,1.95531,1.41384,0.93577,0.68787,76.66100,0.72266,1.29015,0.94918,106.02300
0.98938,0.73302,81.86900,1.06727,0.76865,0.74084,82.74600,111.42200,1.61314,1.55732,1.17787,0.87614,130.86700,1.70737,1.24001,1.83810,1.81865,1.34744,148.34500,1.95528,1.40918,0.93107,0.68980,77.03900,0.72053,1.29370,0.94909,105.25900
0.98962,0.73487,81.84000,1.06268,0.76624,0.74253,82.69900,111.67900,1.60678,1.55384,1.17665,0.87411,131.55600,1.70229,1.23128,1.82579,1.80695,1.34181,147.94700,1.95210,1.41282,0.93073,0.69115,76.96600,0.72310,1.28892,0.94657,104.69600
0.99049,0.73291,81.61900,1.06108,0.76853,0.73970,82.37500,111.35600,1.60110,1.55139,1.17538,0.87688,131.04100,1.70217,1.23060,1.82458,1.80821,1.33795,149.93200,1.94888,1.42262,0.93224,0.68981,76.81200,0.72963,1.28418,0.94434,105.37600
0.99103,0.73339,81.67800,1.05597,0.76842,0.73952,82.38400,111.30600,1.60288,1.55510,1.17514,0.87801,130.90300,1.70116,1.23242,1.82251,1.80668,1.33734,149.06200,1.94775,1.41540,0.93191,0.68915,76.80600,0.72629,1.28881,0.94664,105.29800
0.98926,0.73158,81.15500,1.06168,0.76857,0.73948,82.03200,111.37700,1.60247,1.55445,1.17469,0.87856,130.92500,1.70410,1.23218,1.83315,1.81358,1.34120,150.31200,1.95065,1.40732,0.93206,0.68928,76.46000,0.72115,1.29217,0.95634,106.82500
0.98360,0.73687,81.91600,1.06070,0.76635,0.74911,83.27600,110.92300,1.60559,1.55589,1.17648,0.87580,130.31300,1.69087,1.23056,1.82936,1.79945,1.34808,149.14400,1.93743,1.40165,0.92869,0.69570,77.33600,0.72278,1.28828,0.95615,106.40300
0.98551,0.74089,82.40400,1.06067,0.76809,0.75175,83.60900,111.15700,1.59647,1.55274,1.17938,0.87268,130.78600,1.68109,1.22635,1.82497,1.79859,1.35216,148.85200,1.93454,1.40084,0.93325,0.70146,78.02000,0.72335,1.28923,0.95333,106.24300
0.97962,0.74014,82.52200,1.06121,0.77161,0.75550,84.23200,111.21400,1.59177,1.56196,1.17926,0.87220,131.17500,1.68398,1.22827,1.82334,1.78628,1.34961,148.66800,1.94562,1.40406,0.92680,0.70021,78.06600,0.72135,1.29123,0.95520,105.86300
0.98014,0.73589,82.04000,1.05833,0.76789,0.75077,83.69700,111.48600,1.59322,1.56343,1.17769,0.87374,131.48200,1.68784,1.22349,1.83525,1.79890,1.35066,149.82100,1.93670,1.40553,0.92919,0.69766,77.77300,0.72545,1.28039,0.95847,106.58000
0.98198,0.73680,82.14100,1.05590,0.76766,0.75013,83.62300,111.47300,1.60026,1.56633,1.17776,0.87188,131.29100,1.68829,1.22853,1.83480,1.79979,1.35126,150.29100,1.92665,1.40752,0.92656,0.69721,77.49200,0.73042,1.27648,0.96048,106.75200
0.97802,0.73583,82.08400,1.05546,0.76730,0.75232,83.92100,111.44800,1.60011,1.56743,1.17831,0.87167,131.33000,1.68616,1.22809,1.83601,1.79576,1.35107,150.31100,1.92380,1.39989,0.92875,0.69873,77.94100,0.72707,1.27505,0.96330,107.36100
0.97869,0.74308,83.19200,1.05447,0.76949,0.75922,84.99700,111.54200,1.60130,1.56802,1.18244,0.87207,131.44100,1.67632,1.23220,1.82586,1.78706,1.35685,150.59600,1.93703,1.40858,0.92895,0.70528,78.95700,0.72660,1.27771,0.95862,106.89300
0.97495,0.74312,82.87800,1.05273,0.77635,0.76216,85.00200,111.94600,1.59114,1.56875,1.18437,0.87140,132.37800,1.68082,1.23540,1.82751,1.78183,1.35816,150.81200,1.93316,1.41264,0.92447,0.70454,78.57700,0.73056,1.26968,0.95588,106.73100
0.97595,0.74634,83.14100,1.05356,0.77562,0.76469,85.18000,111.51900,1.59366,1.56341,1.18634,0.87199,132.08800,1.67083,1.23615,1.83454,1.79054,1.36927,151.90600,1.92429,1.41723,0.92845,0.70999,79.08700,0.73623,1.25985,0.95666,107.17400
0.97914,0.74737,83.40300,1.05319,0.77538,0.76325,85.17000,111.38800,1.58950,1.55926,1.18700,0.86637,132.15400,1.67755,1.23245,1.83358,1.79548,1.37048,151.33500,1.92540,1.41745,0.92681,0.70742,78.94700,0.73562,1.25791,0.95737,106.76400
0.97911,0.74683,83.32800,1.05041,0.77679,0.76252,85.07700,111.58200,1.58811,1.55633,1.18647,0.86604,132.46300,1.67650,1.23371,1.83253,1.79389,1.36921,152.64200,1.92799,1.42223,0.92718,0.70685,78.90300,0.73720,1.25866,0.96208,107.30200
0.97810,0.74696,83.35100,1.05478,0.77631,0.76365,85.21000,111.55500,1.58766,1.55582,1.18820,0.86616,132.36500,1.68230,1.23290,1.84259,1.80232,1.37642,152.77000,1.93464,1.42319,0.92478,0.70621,78.80100,0.73495,1.26063,0.96133,107.31800
0.97504,0.75037,83.14000,1.05624,0.77799,0.76955,85.26300,111.57600,1.59062,1.55035,1.19499,0.86320,132.58600,1.68570,1.23757,1.83909,1.79327,1.38011,153.51300,1.94633,1.43341,0.92104,0.70881,78.53100,0.73616,1.25634,0.95979,107.08600
0.98246,0.75362,83.45100,1.05707,0.77690,0.76704,84.93900,110.78800,1.59241,1.54207,1.19818,0.86583,132.40000,1.69013,1.23722,1.82465,1.79265,1.37515,152.85700,1.94533,1.42840,0.92420,0.70881,78.49300,0.73375,1.25493,0.96603,106.98200
0.97879,0.75090,82.99100,1.06224,0.77810,0.76712,84.78500,110.67100,1.58940,1.53760,1.19946,0.87108,132.66200,1.69858,1.23715,1.82265,1.78409,1.36872,152.23700,1.93928,1.41994,0.92035,0.70605,78.03100,0.73181,1.26249,0.96854,107.19700
0.97789,0.74787,82.53200,1.06214,0.77265,0.76473,84.39400,110.48800,1.59701,1.54074,1.19792,0.87638,132.52100,1.70507,1.23433,1.82729,1.78698,1.36667,151.14200,1.93556,1.40795,0.91853,0.70248,77.52100,0.72686,1.26699,0.97113,107.33800
0.97900,0.74765,82.54700,1.06295,0.76664,0.76359,84.36300,110.31900,1.60101,1.53778,1.19795,0.87707,132.22800,1.70383,1.22841,1.82499,1.78669,1.36475,150.66200,1.94087,1.39996,0.91998,0.70156,77.56900,0.72064,1.27590,0.97429,107.61000
0.97673,0.74404,82.67400,1.06329,0.76021,0.76179,84.64100,111.10300,1.60518,1.53579,1.19458,0.87561,132.67700,1.70742,1.22053,1.83369,1.79105,1.36447,151.47600,1.94930,1.39351,0.91832,0.69954,77.72400,0.71458,1.28474,0.97811,108.68100
0.97536,0.74447,82.70900,1.06699,0.76006,0.76329,84.79400,111.11400,1.60820,1.53706,1.19747,0.87490,133.06600,1.71828,1.22295,1.83810,1.79291,1.36857,152.03200,1.96251,1.39740,0.91289,0.69682,77.40700,0.71170,1.28311,0.97876,108.78700
0.97153,0.74371,82.74600,1.06973,0.75622,0.76527,85.13200,111.23300,1.60732,1.53627,1.19649,0.87281,133.03900,1.72228,1.21575,1.84077,1.78907,1.36891,152.39500,1.97097,1.39288,0.90691,0.69461,77.26700,0.70620,1.28435,0.98307,109.40000
0.97202,0.74651,82.53000,1.06895,0.75498,0.76805,84.89900,110.47300,1.60192,1.52319,1.19684,0.86951,132.27700,1.71321,1.21013,1.84112,1.79061,1.37542,152.02900,1.96947,1.39121,0.90862,0.69816,77.13200,0.70609,1.28685,0.98878,109.27300
0.97199,0.74801,82.60500,1.06904,0.75780,0.76903,84.92200,110.29200,1.59893,1.52191,1.19751,0.87962,132.23800,1.71109,1.21275,1.81697,1.76752,1.36054,150.22900,1.94441,1.37778,0.90860,0.69902,77.16100,0.70817,1.28234,0.98708,109.00900
0.96672,0.74558,82.27400,1.06966,0.75271,0.77113,85.11700,110.28700,1.60394,1.52776,1.19654,0.87724,132.03200,1.71621,1.20773,1.82721,1.76720,1.36281,150.44500,1.95572,1.37589,0.90330,0.69649,76.86000,0.70315,1.28419,0.99053,109.30900
0.96209,0.74597,82.24300,1.06838,0.74868,0.77521,85.47500,110.23500,1.60048,1.52781,1.19470,0.88058,131.75800,1.71158,1.19899,1.81655,1.74855,1.35620,149.53500,1.94238,1.36095,0.89967,0.69761,76.90200,0.70015,1.28461,0.99638,109.83800
0.96502,0.74810,82.22400,1.07050,0.74890,0.77523,85.21500,109.83300,1.59443,1.52839,1.19362,0.88022,131.25100,1.70789,1.19475,1.81043,1.74798,1.35567,149.03100,1.93957,1.35691,0.90081,0.69854,76.73200,0.69928,1.28814,0.99894,109.79100
0.96718,0.75073,82.21200,1.06907,0.75291,0.77601,84.98100,109.41900,1.59144,1.52374,1.19558,0.88302,130.88900,1.70192,1.19869,1.80150,1.74347,1.35347,148.16400,1.92673,1.35707,0.90441,0.70203,76.82000,0.70407,1.28462,0.99711,109.16200
0.96763,0.75326,82.17600,1.07309,0.75350,0.77787,84.88100,109.01300,1.58556,1.50990,1.19541,0.88359,130.43900,1.70298,1.19590,1.79390,1.73745,1.35203,147.53500,1.92699,1.35269,0.90047,0.70078,76.48000,0.70100,1.28414,0.99969,109.06000
0.96799,0.75328,81.96500,1.07084,0.75135,0.77821,84.67800,108.77200,1.58565,1.50953,1.19519,0.87917,130.03600,1.69858,1.19201,1.80244,1.74590,1.35897,147.84000,1.93143,1.35530,0.90310,0.70281,76.47900,0.70101,1.28801,1.00257,109.06500
0.96481,0.74604,81.29200,1.06847,0.74495,0.77315,84.23700,108.89700,1.59118,1.51555,1.18839,0.87556,129.44000,1.70133,1.18622,1.81673,1.75404,1.35679,147.79700,1.94281,1.35450,0.90197,0.69775,75.99700,0.69673,1.29472,1.00147,109.10300
0.95822,0.74898,81.80100,1.06672,0.74561,0.78141,85.36200,109.09700,1.58747,1.51628,1.19134,0.87447,130.03100,1.69580,1.18482,1.81482,1.74078,1.36077,148.60600,1.93802,1.35426,0.89734,0.70072,76.56200,0.69757,1.28511,1.00452,109.72000
0.96134,0.75473,82.37600,1.08125,0.75292,0.78505,85.66600,109.03300,1.58121,1.50850,1.19460,0.88128,130.32300,1.71093,1.19130,1.79352,1.72501,1.35470,147.82400,1.94047,1.35136,0.88835,0.69783,76.11700,0.69615,1.27665,1.00241,109.37000
0.96423,0.75391,82.42300,1.08190,0.75383,0.78101,85.39500,109.24900,1.58217,1.51017,1.19395,0.88128,130.55300,1.71372,1.19382,1.79419,1.73160,1.35357,148.03500,1.94296,1.35362,0.89016,0.69571,76.07900,0.69564,1.27913,1.00011,109.34700
0.96367,0.75241,82.45800,1.08776,0.75223,0.78059,85.56000,109.57700,1.58383,1.50171,1.19302,0.87951,130.74200,1.72462,1.19248,1.80027,1.73592,1.35592,148.57500,1.95991,1.35524,0.88548,0.69129,75.73300,0.69112,1.28109,1.00025,109.61700
0.96175,0.74765,82.40100,1.08824,0.74688,0.77721,85.67500,110.18200,1.58391,1.51127,1.18515,0.87631,130.60000,1.72474,1.18348,1.80643,1.73825,1.35132,148.98000,1.96731,1.35011,0.88316,0.68677,75.63700,0.68607,1.28753,1.00103,110.32500
0.96085,0.75182,82.92300,1.08905,0.75100,0.78253,86.28300,110.23700,1.57077,1.51302,1.18194,0.87514,130.31300,1.71146,1.18051,1.79399,1.72466,1.34988,148.85400,1.95481,1.34841,0.88201,0.69040,76.08600,0.68964,1.27890,1.00110,110.37200
0.96143,0.75145,83.14600,1.09113,0.75062,0.78144,86.46500,110.50100,1.57007,1.51124,1.18105,0.87246,130.61500,1.71417,1.17925,1.79895,1.73069,1.35311,149.64600,1.96445,1.35130,0.88001,0.68800,76.09500,0.68724,1.28050,1.00111,110.73200
0.96714,0.74854,83.11700,1.08454,0.75068,0.77321,85.88000,110.91100,1.56616,1.51056,1.17362,0.87352,130.31900,1.70047,1.17677,1.79203,1.73492,1.34283,149.11700,1.94514,1.34650,0.89045,0.68889,76.52800,0.69086,1.28813,0.99715,110.71700
0.96904,0.75560,84.12800,1.09065,0.75777,0.77949,86.80900,111.32800,1.55464,1.50142,1.17538,0.87761,130.90100,1.69652,1.17888,1.76985,1.71617,1.33807,149.02900,1.93176,1.34225,0.88776,0.69246,77.06000,0.69445,1.27855,0.99714,111.01200
0.97091,0.75162,83.98800,1.09190,0.75735,0.77410,86.49000,111.67700,1.55418,1.50140,1.16910,0.87669,130.58700,1.69756,1.17756,1.77192,1.72132,1.33309,148.90900,1.93600,1.34279,0.88835,0.68773,76.84100,0.69298,1.28171,0.99243,110.87500
0.96985,0.75231,83.16800,1.09247,0.75567,0.77538,85.72600,110.50400,1.54702,1.51577,1.16456,0.87588,128.72400,1.69060,1.16948,1.76490,1.71285,1.32884,146.89100,1.92941,1.33443,0.88709,0.68810,76.01300,0.69117,1.28301,0.99556,110.05600
0.97568,0.75078,82.73800,1.09256,0.75739,0.76946,84.79700,110.13700,1.54639,1.51052,1.16166,0.87566,127.98800,1.69035,1.17164,1.76510,1.72296,1.32593,146.12000,1.93003,1.33779,0.89208,0.68640,75.64000,0.69244,1.28795,0.99128,109.22100
0.97864,0.74615,82.50100,1.09041,0.75444,0.76207,84.21200,110.44900,1.54240,1.50972,1.15228,0.87556,127.38800,1.68323,1.16450,1.76069,1.72427,1.31492,145.38500,1.92131,1.32942,0.89642,0.68353,75.57500,0.69112,1.29631,0.98902,109.35600
0.98014,0.74909,82.51500,1.08601,0.75422,0.76433,84.18600,110.00900,1.53993,1.51266,1.15469,0.87307,127.14900,1.67395,1.16217,1.76309,1.72897,1.32183,145.58300,1.91625,1.33061,0.90188,0.68931,75.91600,0.69406,1.29919,0.99320,109.38400
0.97710,0.74371,81.60800,1.08645,0.75034,0.76116,83.51500,109.69200,1.53706,1.51995,1.14311,0.87038,125.46400,1.67077,1.15369,1.76488,1.72498,1.31298,144.08600,1.91877,1.32486,0.89784,0.68398,75.00800,0.69008,1.30192,0.99117,108.73400
0.97530,0.74918,82.48700,1.08357,0.75753,0.76800,84.58300,110.08600,1.53903,1.52539,1.15340,0.87803,126.99900,1.66867,1.16607,1.75183,1.70961,1.31337,144.60500,1.90009,1.32799,0.89914,0.69087,76.01100,0.69857,1.28735,0.98898,108.88200
0.98025,0.74563,82.30800,1.08021,0.75649,0.76069,83.96600,110.34200,1.54477,1.53196,1.15242,0.87908,127.19000,1.66942,1.16911,1.75586,1.72198,1.31031,144.58200,1.89823,1.32917,0.90634,0.68967,76.10100,0.69971,1.29529,0.98565,108.77800
0.97957,0.74704,82.81800,1.08283,0.75647,0.76211,84.50100,110.75400,1.53941,1.52187,1.15105,0.87298,127.63900,1.66862,1.16562,1.76268,1.72815,1.31776,146.11700,1.91072,1.33449,0.90345,0.68884,76.37200,0.69754,1.29485,0.98753,109.47900
0.98816,0.75506,83.90700,1.08693,0.76447,0.76375,84.91600,111.07900,1.52869,1.52100,1.15533,0.87848,128.42200,1.66320,1.16957,1.73975,1.72106,1.31482,146.12400,1.89309,1.33104,0.90822,0.69378,77.11800,0.70242,1.29283,0.98770,109.79000
0.98730,0.74917,83.58700,1.08356,0.76121,0.75878,84.64800,111.49000,1.53829,1.53022,1.15356,0.87448,128.63700,1.66756,1.17157,1.75811,1.73633,1.31839,147.03900,1.90640,1.33904,0.91033,0.69089,77.06600,0.70199,1.29639,0.98419,109.77500
0.99229,0.75590,84.45500,1.08963,0.76653,0.76182,85.11000,111.65800,1.53529,1.52976,1.16110,0.87762,129.70600,1.67344,1.17715,1.74867,1.73562,1.32268,147.73800,1.90617,1.34073,0.91015,0.69333,77.44700,0.70308,1.29422,0.98614,110.15700
0.98855,0.74690,83.57600,1.08378,0.76186,0.75560,84.55300,111.84900,1.54698,1.53139,1.15606,0.87857,129.39700,1.67765,1.17961,1.75946,1.74037,1.31537,147.17100,1.90857,1.34189,0.91135,0.68870,77.00900,0.70249,1.29709,0.98037,109.67000
0.98156,0.74749,83.14600,1.07993,0.75938,0.76120,84.67900,111.09500,1.54813,1.51668,1.15847,0.87724,128.87000,1.67251,1.17661,1.76368,1.73226,1.32006,146.78000,1.90504,1.34033,0.90817,0.69124,76.95500,0.70224,1.29163,0.98434,109.50200
0.98745,0.74919,83.69900,1.08245,0.76049,0.75879,84.74400,111.64900,1.54785,1.53058,1.16049,0.88046,129.63300,1.67675,1.17829,1.75735,1.73650,1.31814,147.19600,1.90411,1.33794,0.91083,0.69117,77.19000,0.70160,1.29782,0.98514,110.01200
0.98516,0.74694,83.53500,1.08018,0.75709,0.75800,84.79400,111.82000,1.55018,1.53278,1.15869,0.87782,129.59800,1.67592,1.17418,1.76444,1.73965,1.31918,147.52500,1.90782,1.33683,0.91116,0.69064,77.26500,0.70002,1.30119,0.98660,110.34500
0.98356,0.74575,83.58200,1.07808,0.75729,0.75839,84.97000,111.92400,1.55560,1.53289,1.16150,0.88139,130.07700,1.67795,1.17899,1.76438,1.73637,1.31766,147.55400,1.90356,1.33737,0.91138,0.69141,77.44200,0.70209,1.29814,0.98479,110.31500
0.97903,0.74504,82.63800,1.07084,0.74737,0.76056,84.38400,110.91600,1.54654,1.53835,1.15296,0.87215,127.92400,1.65717,1.15656,1.77262,1.73713,1.32158,146.62600,1.89998,1.32562,0.91314,0.69450,77.08200,0.69668,1.31035,0.99688,110.59800
0.97991,0.74173,82.27300,1.07123,0.74390,0.75650,83.86900,110.83300,1.55906,1.54192,1.15712,0.87347,128.40000,1.67135,1.16059,1.78336,1.74946,1.32366,146.87700,1.91144,1.32753,0.91412,0.69107,76.73700,0.69309,1.31685,0.99709,110.62200
0.97984,0.73830,82.03400,1.06890,0.74203,0.75355,83.73000,111.05700,1.56523,1.54458,1.15639,0.87732,128.46700,1.67431,1.16192,1.78365,1.74832,1.31786,146.38000,1.90827,1.32428,0.91495,0.68927,76.59900,0.69276,1.31993,0.99497,110.52300
0.98029,0.73307,81.17500,1.06842,0.73784,0.74773,82.79600,110.62300,1.56882,1.54788,1.15142,0.87925,127.51900,1.67814,1.15858,1.78383,1.74981,1.30925,144.92700,1.90726,1.31702,0.91683,0.68559,75.92000,0.69005,1.32845,0.99354,110.01100
0.98029,0.73360,81.28200,1.07294,0.73656,0.74797,82.88700,110.75900,1.57082,1.54624,1.15287,0.87826,127.70900,1.68590,1.15718,1.78668,1.75229,1.31149,145.27400,1.91817,1.31657,0.91296,0.68333,75.68000,0.68609,1.33066,0.99598,110.33500
0.98200,0.73124,81.05600,1.07375,0.73738,0.74455,82.56800,110.80900,1.57227,1.55620,1.15068,0.87578,127.56100,1.68891,1.16004,1.79376,1.76265,1.31246,145.54400,1.92738,1.32372,0.91397,0.68088,75.42000,0.68659,1.33156,0.99168,109.94200
0.98643,0.73409,81.76200,1.07552,0.74369,0.74370,82.77900,111.21100,1.56564,1.54975,1.15083,0.87840,128.15500,1.68644,1.16530,1.78181,1.75910,1.30940,145.80500,1.91854,1.32602,0.91568,0.68068,75.89800,0.68955,1.32576,0.98709,109.95200
0.98549,0.73121,81.32600,1.07444,0.74109,0.74202,82.54300,111.14300,1.57824,1.54418,1.15487,0.88108,128.42600,1.69650,1.17007,1.79034,1.76523,1.31002,145.70900,1.92478,1.32762,0.91670,0.68031,75.64900,0.68950,1.32941,0.98667,109.72400
0.98313,0.73174,81.28000,1.07775,0.73888,0.74419,82.67200,110.99900,1.57517,1.53392,1.15315,0.88050,128.12700,1.69896,1.16451,1.78787,1.75854,1.30885,145.42300,1.92864,1.32201,0.91112,0.67815,75.34000,0.68477,1.32988,0.99034,109.99800
0.97878,0.73141,80.88200,1.07922,0.73378,0.74683,82.62000,110.53600,1.57376,1.53505,1.15128,0.88070,127.35000,1.70029,1.15528,1.78547,1.74886,1.30704,144.53200,1.92988,1.31093,0.90504,0.67575,74.78800,0.67790,1.33375,0.99678,110.23300
0.97400,0.73287,81.20000,1.08768,0.73507,0.75224,83.35900,110.72900,1.57264,1.53432,1.15329,0.88424,127.77700,1.71131,1.15662,1.77756,1.73258,1.30381,144.44700,1.93464,1.30738,0.89484,0.67322,74.58400,0.67524,1.32509,0.99701,110.46300
0.97194,0.73273,81.91500,1.09238,0.74030,0.75316,84.21600,111.69300,1.57633,1.53316,1.15669,0.88421,129.30400,1.72468,1.16820,1.78232,1.73402,1.30744,146.15400,1.94945,1.32036,0.88857,0.66954,74.90700,0.67646,1.31270,0.98978,110.68800
0.96709,0.72876,81.33200,1.09219,0.73361,0.75302,84.04400,111.58400,1.58494,1.53195,1.15605,0.88529,129.02500,1.73244,1.16371,1.78984,1.73231,1.30537,145.68400,1.95619,1.31390,0.88495,0.66687,74.42000,0.67130,1.31830,0.99340,110.86500
0.97030,0.73267,81.63300,1.09258,0.73835,0.75506,84.13600,111.37700,1.57793,1.53171,1.15637,0.88340,128.88300,1.72495,1.16566,1.78531,1.73303,1.30882,145.83200,1.95227,1.31908,0.88708,0.66989,74.62400,0.67508,1.31373,0.99231,110.55200
0.96986,0.73213,81.50300,1.09103,0.73791,0.75466,84.01200,111.18500,1.57812,1.53539,1.15659,0.88080,128.75600,1.72308,1.16539,1.79096,1.73804,1.31267,146.11200,1.95553,1.32257,0.88821,0.67065,74.63800,0.67595,1.31415,0.99217,110.45400
0.96985,0.73326,81.69700,1.08756,0.73842,0.75605,84.23100,111.28800,1.58205,1.53884,1.16095,0.88411,129.31400,1.72144,1.16870,1.78845,1.73538,1.31241,146.20600,1.94631,1.32151,0.89096,0.67369,75.05000,0.67843,1.31315,0.99302,110.60700
0.97130,0.73457,81.99900,1.08548,0.74252,0.75538,84.33800,111.55100,1.57989,1.53707,1.16201,0.88350,129.70000,1.71650,1.17439,1.78754,1.73699,1.31370,146.67600,1.94145,1.32803,0.89312,0.67504,75.46000,0.68235,1.30816,0.98929,110.42800
0.97844,0.73958,82.70000,1.09102,0.74627,0.75595,84.54700,111.76000,1.57349,1.54052,1.16476,0.88605,130.21800,1.71773,1.17490,1.77496,1.73725,1.31382,146.89600,1.93808,1.32546,0.89595,0.67711,75.74300,0.68323,1.31060,0.99104,110.82100
0.97761,0.73923,82.73500,1.09029,0.74556,0.75596,84.60000,111.85500,1.57365,1.53954,1.16444,0.88439,130.33700,1.71732,1.17415,1.77859,1.74000,1.31597,147.27800,1.94109,1.32702,0.89604,0.67765,75.82600,0.68347,1.31112,0.99152,110.95600
0.97292,0.73328,82.46600,1.08885,0.73640,0.75363,84.76700,112.43400,1.58406,1.54160,1.16257,0.88381,130.71900,1.72610,1.16713,1.79157,1.74354,1.31456,147.82700,1.95279,1.32005,0.89236,0.67253,75.61500,0.67539,1.32086,0.99576,111.96800
0.97423,0.74211,83.32700,1.09226,0.74047,0.76171,85.54100,112.24700,1.57511,1.53489,1.16954,0.88359,131.29100,1.72088,1.16689,1.78184,1.73652,1.32324,148.55100,1.94752,1.32010,0.89132,0.67909,76.17000,0.67759,1.31533,1.00222,112.50100
0.97624,0.74243,83.34300,1.09627,0.74196,0.76008,85.29000,112.10000,1.57316,1.53666,1.17003,0.88259,131.25200,1.72611,1.16830,1.78163,1.74046,1.32460,148.61900,1.95634,1.32304,0.88825,0.67597,75.91500,0.67554,1.31499,1.00064,112.32400
0.97437,0.73918,83.27400,1.09424,0.74171,0.75857,85.45500,112.60400,1.57797,1.53777,1.16693,0.88456,131.45200,1.72720,1.17097,1.78265,1.73793,1.31895,148.56100,1.95177,1.32321,0.88978,0.67512,76.06100,0.67745,1.31305,0.99659,112.25500
0.97435,0.73863,83.35000,1.08842,0.73869,0.75794,85.55800,112.83400,1.57821,1.53812,1.16617,0.88895,131.59200,1.71837,1.16593,1.77410,1.72947,1.31125,147.96400,1.93238,1.31095,0.89449,0.67800,76.51900,0.67807,1.31895,0.99990,112.85000
0.97389,0.73872,83.44200,1.08832,0.73952,0.75838,85.67400,112.92300,1.57317,1.53241,1.16253,0.89030,131.29500,1.71266,1.16361,1.76620,1.72056,1.30522,147.42500,1.92298,1.30669,0.89410,0.67834,76.60200,0.67908,1.31677,0.99892,112.81100
0.97577,0.73467,82.68300,1.09075,0.73538,0.75286,84.74300,112.50200,1.58161,1.54442,1.16324,0.89438,130.89200,1.72632,1.16389,1.76824,1.72647,1.29988,146.32000,1.93017,1.30094,0.89411,0.67309,75.76400,0.67374,1.32672,0.99904,112.43500
0.97392,0.73502,82.56300,1.08799,0.74127,0.75410,84.68100,112.16800,1.57909,1.54009,1.16278,0.89205,130.57200,1.72038,1.17197,1.77012,1.72570,1.30238,146.27800,1.92761,1.31305,0.89397,0.67419,75.78600,0.67992,1.31340,0.99157,111.39400
0.97212,0.73216,82.15300,1.08763,0.73777,0.75326,84.51800,112.15800,1.58372,1.53991,1.16014,0.89224,130.15900,1.72308,1.16905,1.77431,1.72552,1.30015,145.81900,1.93048,1.30971,0.89323,0.67306,75.48800,0.67822,1.31722,0.99240,111.31900
0.97563,0.73649,82.44000,1.09019,0.74137,0.75512,84.51400,111.88100,1.57479,1.53656,1.16056,0.88871,129.88200,1.71745,1.16801,1.77098,1.72887,1.30572,146.10900,1.93215,1.31387,0.89407,0.67525,75.56100,0.67973,1.31532,0.99342,111.17600
0.97236,0.73880,82.69300,1.09005,0.74504,0.75997,85.04600,111.86700,1.57307,1.52988,1.16304,0.88894,130.12300,1.71527,1.17245,1.76850,1.72012,1.30760,146.30800,1.92876,1.31857,0.89160,0.67753,75.80800,0.68325,1.30454,0.99159,110.94300
0.96444,0.73302,82.01600,1.08656,0.73740,0.75998,85.04300,111.86400,1.57816,1.52221,1.15726,0.88757,129.45800,1.71531,1.16404,1.77656,1.71381,1.30279,145.75000,1.93162,1.31056,0.88634,0.67388,75.38000,0.67791,1.30767,0.99406,111.20600
0.96558,0.73496,82.10500,1.08878,0.73975,0.76058,84.96200,111.55100,1.57381,1.52160,1.15852,0.88880,129.38600,1.71483,1.16539,1.77000,1.71042,1.30252,145.41700,1.92928,1.31005,0.88575,0.67405,75.28900,0.67844,1.30478,0.99353,110.99100
0.96494,0.73146,82.22400,1.08455,0.74028,0.75784,85.19000,112.33600,1.57920,1.52539,1.15624,0.89114,129.95300,1.71420,1.17025,1.77190,1.71119,1.29738,145.80100,1.92338,1.31283,0.88899,0.67415,75.75300,0.68228,1.30314,0.98809,111.04700
0.96590,0.73525,83.05100,1.08847,0.74260,0.76102,85.98800,112.90500,1.57288,1.52051,1.15772,0.89048,130.74900,1.71343,1.16867,1.76585,1.70659,1.29929,146.75600,1.92384,1.31217,0.88636,0.67449,76.21800,0.68124,1.30066,0.99010,111.84700
0.96247,0.73416,82.68500,1.08973,0.74014,0.76229,85.89000,112.58500,1.57430,1.51571,1.15647,0.88822,130.21000,1.71671,1.16579,1.77214,1.70640,1.30171,146.59900,1.93237,1.31242,0.88269,0.67344,75.80900,0.67892,1.29979,0.99193,111.69200
0.95830,0.73220,82.16000,1.09097,0.73593,0.76388,85.71500,112.12700,1.57313,1.50821,1.15291,0.88979,129.31000,1.71669,1.15829,1.76708,1.69457,1.29511,145.29600,1.92882,1.30146,0.87776,0.67059,75.27800,0.67402,1.30201,0.99494,111.63900
0.96075,0.73480,82.25000,1.09613,0.73962,0.76409,85.56500,111.80000,1.56225,1.50203,1.14942,0.88921,128.64300,1.71439,1.15656,1.75611,1.68825,1.29158,144.56800,1.92694,1.29970,0.87516,0.66930,74.97600,0.67369,1.29873,0.99349,111.21300
